<?xml version="1.0"?>
<opencv_storage>
<CameraMatrix type_id="opencv-matrix">
  <rows>3</rows>
  <cols>3</cols>
  <dt>f</dt>
  <data>
    485.6731196475976 0.0 324.9858042280347
    0.0 487.97393807341666 221.64462859485732
    0.0 0.0 1.0
  </data>
</CameraMatrix>
<DistortionCoeffs type_id="opencv-matrix">
  <rows>5</rows>
  <cols>1</cols>
  <dt>f</dt>
  <data>
    -0.3563302390149658
    0.15931599710234262
    0.0013133008774825195
    0.0006457440243437052
    -0.030888212694908438
  </data>
</DistortionCoeffs>
<RotationVector type_id="opencv-matrix">
  <rows>3</rows>
  <cols>1</cols>
  <dt>f</dt>
  <data>
    -1.2524656492639696
    -1.1944916264259644
    -1.1680991865538912
  </data>
</RotationVector>
<TranslationVector type_id="opencv-matrix">
  <rows>3</rows>
  <cols>1</cols>
  <dt>f</dt>
  <data>
    -254.36536425751038
    1500.3681718215485
    3005.660649213343
  </data>
</TranslationVector>
</opencv_storage>