<?xml version="1.0"?>
<opencv_storage>
<CameraMatrix type_id="opencv-matrix">
  <rows>3</rows>
  <cols>3</cols>
  <dt>f</dt>
  <data>
    491.1300909737475 0.0 321.25278655370636
    0.0 489.56723196982205 233.38040444609905
    0.0 0.0 1.0
  </data>
</CameraMatrix>
<DistortionCoeffs type_id="opencv-matrix">
  <rows>5</rows>
  <cols>1</cols>
  <dt>f</dt>
  <data>
    -0.36002069206426224
    0.16717491364259077
    0.0010353273956139374
    -9.378277200743403e-06
    -0.04146395844979674
  </data>
</DistortionCoeffs>
<RotationVector type_id="opencv-matrix">
  <rows>3</rows>
  <cols>1</cols>
  <dt>f</dt>
  <data>
    -1.505113118255577
    -0.17072302493608227
    -0.20710609821521406
  </data>
</RotationVector>
<TranslationVector type_id="opencv-matrix">
  <rows>3</rows>
  <cols>1</cols>
  <dt>f</dt>
  <data>
    -922.2449371677861
    1215.5543550863204
    3253.9482378335347
  </data>
</TranslationVector>
</opencv_storage>