<?xml version="1.0"?>
<opencv_storage>
<CameraMatrix type_id="opencv-matrix">
  <rows>3</rows>
  <cols>3</cols>
  <dt>f</dt>
  <data>
    491.1300909737475 0.0 321.25278655370636
    0.0 489.56723196982205 233.38040444609905
    0.0 0.0 1.0
  </data>
</CameraMatrix>
<DistortionCoeffs type_id="opencv-matrix">
  <rows>5</rows>
  <cols>1</cols>
  <dt>f</dt>
  <data>
    -0.36002069206426224
    0.16717491364259077
    0.0010353273956139374
    -9.378277200743403e-06
    -0.04146395844979674
  </data>
</DistortionCoeffs>
<RotationVector type_id="opencv-matrix">
  <rows>3</rows>
  <cols>1</cols>
  <dt>f</dt>
  <data>
    -0.22487260750882984
    2.0176155735130967
    2.151180885429912
  </data>
</RotationVector>
<TranslationVector type_id="opencv-matrix">
  <rows>3</rows>
  <cols>1</cols>
  <dt>f</dt>
  <data>
    -162.54267292719973
    1234.7009043677729
    2596.543925540272
  </data>
</TranslationVector>
</opencv_storage>