<?xml version="1.0"?>
<opencv_storage>
<CameraMatrix type_id="opencv-matrix">
  <rows>3</rows>
  <cols>3</cols>
  <dt>f</dt>
  <data>
    487.75546965188533 0.0 334.80161620414486
    0.0 489.09279377337333 222.86276034902014
    0.0 0.0 1.0
  </data>
</CameraMatrix>
<DistortionCoeffs type_id="opencv-matrix">
  <rows>5</rows>
  <cols>1</cols>
  <dt>f</dt>
  <data>
    -0.3648572788134014 
    0.18331207495388777 
    0.0004737582514724924 
    0.00022628285985917395 
    -0.0517166339208001
  </data>
</DistortionCoeffs>
<RotationVector type_id="opencv-matrix">
  <rows>3</rows>
  <cols>1</cols>
  <dt>f</dt>
  <data>
    -1.3481330304726664
    -0.5801884509399763
    -0.6764779498902755
  </data>
</RotationVector>
<TranslationVector type_id="opencv-matrix">
  <rows>3</rows>
  <cols>1</cols>
  <dt>f</dt>
  <data>
    -191.97390869464942
    817.2898722167869
    4194.207156715129
  </data>
</TranslationVector>
</opencv_storage>